0
25
23
24
25
22
21
23
25
21
20
22
25
20
24
22
23
21
24
26
20
25
19
24
9
13
10
11
12
10
13
11
9
12
11
14
9
11
26
21
27
20
21
28
20
23
22
26
23
9
10
14
11
27
21
19
26
24
19
23
27
22
19
27
11
28
21
29
9
14
12
13
9
24
10
25
9
23
18
25
26
19
28
11
25
18
26
10
24
18
27
19
21
9
26
11
15
9
27
23
10
15
78
76
77
78
75
77
76
13
75
76
14
77
75
13
14
76
75
14
13
26
25
11
29
12
9
28
10
27
9
16
78
15
77
16
10
28
19
29
11
30
20
26
18
23
28
9
22
28
12
14
75
12
28
23
8
25
17
26
8
23
11
16
77
74
78
16
76
15
11
22
9
17
25
8
24
27
18
22
8
26
15
76
16
79
17
27
25
12
29
10
23
17
24
8
27
16
11
23
12
15
26
16
27
12
30
9
29
20
27
15
25
16
28
18
78
20
28
24
17
78
18
21
30
11
24
12
74
77
20
78
17
77
18
29
21
79
20
29
19
30
10
16
24
28
17
10
29
22
11
31
9
30
19
31
20
30
21
18
30
22
10
30
23
29
18
77
19
9
21
10
22
30
17
23
30
24
11
21
78
19
77
21
31
19
78
14
26
13
25
14
27
8
28
16
12
25
28
8
29
23
13
27
14
28
15
27
26
12
23
15
24
16
29
17
79
21
11
32
33
40
38
39
40
37
39
36
40
35
34
40
33
39
35
38
40
32
9
31
10
17
28
13
24
14
29
15
75
16
23
31
11
17
76
74
12
75
79
18
9
20
77
73
78
22
12
27
33
19
79
15
28
25
29
16
31
21
32
40
31
12
26
14
30
29
24
30
40
29
30
15
79
22
31
18
79
75
74
76
18
31
40
28
14
23
16
30
8
31
22
79
74
13
23
32
35
33
20
31
33
21
77
13
28
40
27
35
30
16
32
20
79
73
11
33
38
37
40
25
30
39
34
35
31
39
33
35
29
8
21
33
31
23
33
18
10
21
34
39
32
10
31
17
29
35
20
9
32
19
34
38
36
39
31
35
21
8
16
75
17
30
33
22
17
11
20
10
32
39
30
36
38
34
36
32
21
35
41
37
38
35
22
32
11
73
77
72
78
71
77
22
78
23
34
32
12
31
16
8
17
22
35
19
76
20
32
18
33
11
18
76
73
12
16
13
15
23
35
37
34
20
33
12
22
34
19
10
18
34
37
41
34
21
12
32
34
18
11
19
20
34
41
35
36
33
9
18
20
19
35
28
33
17
31
8
14
31
15
13
29
33
10
19
11
34
22
15
29
14
8
32
38
33
30
38
32
36
31
38
30
13
77
71
79
76
72
77
79
23
14
74
79
72
11
35
18
8
15
30
14
32
22
16
33
41
36
30
37
32
17
33
37
31
36
41
33
23
7
24
31
29
40
26
27
40
24
32
37
33
24
34
31
37
30
34
23
36
29
31
34
29
36
21
80
22
36
20
35
24
7
25
32
23
37
29
34
30
31
13
16
34
17
8
20
11
72
79
71
11
36
35
25
7
22
80
18
12
33
16
35
27
36
22
7
26
28
34
12
21
36
23
39
29
37
35
17
12
34
24
35
26
33
28
36
19
8
18
36
28
39
27
34
28
26
34
10
33
25
31
14
22
13
32
16
21
17
34
33
15
31
41
32
24
36
37
22
39
24
37
28
38
41
31
25
34
11
37
20
76
21
37
23
38
29
25
35
67
34
25
36
27
39
22
38
28
7
27
31
32
15
22
40
23
80
19
12
73
76
12
18
80
17
21
15
8
13
33
27
37
24
39
23
79
77
70
78
39
21
38
22
77
39
26
7
29
32
8
33
14
15
33
26
35
16
14
21
16
36
25
40
22
41
30
25
37
27
32
29
41
28
32
25
39
20
18
37
19
80
20
36
18
19
37
25
38
20
8
12
19
18
38
24
40
20
37
18
75
19
38
23
6
24
41
27
28
31
26
32
13
22
6
28
27
38
25
41
26
31
28
41
25
6
23
41
24
6
25
5
28
30
32
14
16
80
23
81
22
5
24
42
32
31
27
30
41
21
39
19
13
8
34
9
19
40
21
7
30
26
36
17
35
12
20
38
26
30
7
21
13
34
16
15
14
34
27
41
22
42
33
8
35
11
71
76
70
10
34
26
40
19
75
73
79
70
77
38
19
14
20
80
16
74
75
20
39
18
13
17
75
72
76
39
17
80
40
18
39
41
23
78
13
21
40
17
36
68
35
10
36
16
37
26
39
16
20
12
36
13
35
9
33
42
31
7
32
26
37
17
20
40
85
39
83
40
84
39
13
73
75
71
12
8
11
38
18
14
35
15
21
41
20
13
18
41
19
15
74
16
38
17
14
19
7
20
17
38
16
39
15
34
13
19
17
39
82
40
83
39
78
38
13
36
11
70
76
22
4
28
6
22
43
29
7
19
16
7
18
15
35
14
17
40
16
19
6
30
27
29
26
38
12
37
16
40
82
38
15
16
41
18
74
17
15
20
14
36
15
19
42
30
28
5
23
42
29
27
6
26
29
6
27
5
22
3
27
42
34
15
17
7
16
73
14
18
16
17
19
74
18
42
28
29
42
27
4
22
76
38
14
73
15
37
13
38
11
8
36
9
34
14
37
12
72
13
39
84
38
82
23
4
26
41
39
14
38
78
24
79
39
12
76
69
10
37
11
74
73
16
18
17
74
11
64
9
35
8
37
15
73
80
24
81
23
77
69
11
65
10
70
12
38
79
14
39
81
20
15
18
6
21
76
37
10
69
78
40
15
38
77
12
71
13
72
75
11
69
68
10
65
9
36
14
72
15
39
77
37
14
40
86
41
17
16
6
31
42
23
43
32
28
42
22
82
24
4
21
6
20
41
16
72
74
19
81
21
5
26
6
32
27
43
31
6
19
5
25
42
20
16
42
26
5
29
28
4
25
43
30
6
18
73
17
18
43
28
3
26
42
25
3
22
2
26
4
29
5
21
42
24
78
37
9
65
11
66
34
67
33
7
15
40
81
39
80
38
81
24
43
27
3
23
82
37
42
21
4
20
7
14
79
24
3
25
79
40
14
7
34
8
10
66
33
43
24
2
23
44
29
43
22
44
30
42
35
68
11
67
10
64
11
63
9
64
12
39
85
41
15
72
80
73
18
5
30
43
23
45
29
4
30
44
31
43
26
3
28
44
27
2
25
80
74
72
16
71
75
70
13
78
25
44
32
7
13
71
14
70
75
38
80
71
74
80
25
78
26
43
21
3
24
82
21
75
80
70
14
65
12
70
80
75
39
76
11
75
37
77
24
44
23
1
25
81
38
83
37
79
38
10
68
69
77
40
80
37
78
68
12
64
13
40
79
25
1
24
77
68
34
42
19
43
25
45
30
4
19
73
72
17
42
18
81
19
44
25
0
26
2
24
1
26
44
22
45
28
2
22
1
23
76
36
10
67
36
8
57
9
37
76
68
13
7
35
42
36
67
32
42
17
73
19
3
21
44
20
75
69
36
7
12
65
13
70
37
80
15
71
37
75
36
70
68
14
66
11
39
86
38
76
80
26
1
22
75
10
38
75
68
71
16
5
20
81
25
82
36
43
20
42
37
81
18
72
38
84
41
86
42
16
60
9
63
10
62
9
66
32
6
17
72
81
71
10
61
9
62
10
60
15
6
16
59
12
77
25
46
29
44
21
2
27
45
31
5
19
61
10
58
11
62
13
65
33
6
15
60
14
69
12
66
35
7
37
82
71
73
81
72
18
4
31
44
33
65
32
43
33
44
19
62
12
63
11
61
12
69
76
24
45
25
77
36
76
10
59
13
66
12
67
11
58
10
71
81
73
38
9
60
13
64
14
41
85
38
42
15
80
27
1
21
45
24
0
27
46
28
47
29
45
23
46
30
45
26
79
69
13
68
9
61
13
67
12
68
78
36
75
23
83
24
46
27
79
37
8
56
9
38
72
37
71
68
37
74
71
17
5
32
67
13
63
12
62
14
68
33
5
18
61
14
67
9
57
10
39
11
59
9
58
12
61
15
70
74
20
6
34
66
13
62
15
65
34
7
11
76
40
13
59
11
60
12
59
10
57
8
58
13
61
17
60
16
61
18
60
17
61
19
2
21
82
33
68
15
66
31
45
22
0
23
75
35
43
34
68
77
26
45
21
1
28
79
26
78
27
0
28
1
20
5
17
43
19
72
68
76
35
69
75
81
70
15
69
14
6
35
44
34
6
13
60
18
3
29
46
25
99
26
80
69
74
70
36
77
11
40
87
41
88
40
78
28
80
29
66
14
61
20
43
18
59
14
62
19
60
20
4
18
62
20
44
35
82
41
84
37
83
23
99
25
47
27
80
28
0
21
74
69
35
81
26
0
20
74
37
69
70
73
69
37
68
72
69
15
59
16
65
14
59
17
71
69
73
10
74
38
86
37
72
10
8
38
73
37
67
14
63
13
58
14
57
11
56
8
59
18
44
36
78
12